

-------------------------------------------------------------------------------------------------------
			X							Error
-------------------------------------------------------------------------------------------------------

( 0.3500000000, 1.3100000000 )		0.225188978504
( 0.0015800000, 0.9108279200 )		0.9230358086
( -0.6495370011, 0.2741813457 )		0.815999013047
( -1.4004148833, -0.2794057092 )		-4.47301893198
( -1.6886460646, -0.4906787687 )		-2.00273726465
( -1.6609587089, -0.5646798990 )		0.0128710808032
( -1.6376645426, -0.5947773996 )		0.0177874330801
( -1.6269529498, -0.6077074617 )		0.00436808845759
( -1.6220676718, -0.6134104107 )		0.00110589441542
( -1.6198549127, -0.6159560638 )		0.000281862509891
( -1.6188553695, -0.6170985513 )		7.20909375806e-05
( -1.6184043707, -0.6176125543 )		1.8469553526e-05
( -1.6182009784, -0.6178440584 )		4.7355695174e-06

Rpta: La solucion para X es: (-1.6182009784084113, -0.617844058431388)
Y el error es : 0.0000047356
-------------------------------------------------------------------------------------------------------


