

					METODO JACOBI
VALORES DE X^(i):
0 -- [0, 0, 0, 0]
1 -- [9.5, 9.5, -1.5, -6.0]
2 -- [14.25, 13.5, 0.25, -6.75]
3 -- [16.25, 16.75, 1.875, -5.875]
4 -- [17.875, 18.5625, 3.9375, -5.0625]
5 -- [18.78125, 20.40625, 5.25, -4.03125]
6 -- [19.703125, 21.515625, 6.6875, -3.375]
7 -- [20.2578125, 22.6953125, 7.5703125, -2.65625]
8 -- [20.84765625, 23.4140625, 8.51953125, -2.21484375]
9 -- [21.20703125, 24.18359375, 9.099609375, -1.740234375]
10 -- [21.591796875, 24.6533203125, 9.7216796875, -1.4501953125]
11 -- [21.82666015625, 25.15673828125, 10.1015625, -1.13916015625]
12 -- [22.078369140625, 25.464111328125, 10.5087890625, -0.94921875]
13 -- [22.2320556640625, 25.7935791015625, 10.7574462890625, -0.74560546875]
14 -- [22.39678955078125, 25.9947509765625, 11.02398681640625, -0.62127685546875]
15 -- [22.49737548828125, 26.21038818359375, 11.186737060546875, -0.488006591796875]
16 -- [22.605194091796875, 26.342056274414062, 11.361190795898438, -0.4066314697265625]
17 -- [22.67102813720703, 26.483192443847656, 11.46771240234375, -0.31940460205078125]
18 -- [22.741596221923828, 26.56937026977539, 11.581893920898438, -0.266143798828125]
19 -- [22.784685134887695, 26.661745071411133, 11.651613235473633, -0.20905303955078125]
20 -- [22.830872535705566, 26.718149185180664, 11.726346015930176, -0.1741933822631836]
21 -- [22.859074592590332, 26.77860927581787, 11.77197790145874, -0.1368269920349121]
22 -- [22.889304637908936, 26.815526247024536, 11.82089114189148, -0.11401104927062988]
23 -- [22.907763123512268, 26.855097889900208, 11.850757598876953, -0.08955442905426025]
24 -- [22.927548944950104, 26.87926036119461, 11.882771730422974, -0.07462120056152344]
25 -- [22.939630180597305, 26.90516033768654, 11.902319580316544, -0.058614134788513184]
26 -- [22.95258016884327, 26.920974880456924, 11.923273101449013, -0.04884020984172821]
27 -- [22.960487440228462, 26.93792663514614, 11.936067335307598, -0.03836344927549362]
28 -- [22.96896331757307, 26.94827738776803, 11.949781592935324, -0.03196633234620094]
29 -- [22.974138693884015, 26.959372455254197, 11.958155527710915, -0.025109203532338142]
30 -- [22.9796862276271, 26.966147110797465, 11.96713162586093, -0.020922236144542694]
31 -- [22.983073555398732, 26.973408926744014, 11.972612437326461, -0.016434187069535255]
32 -- [22.986704463372007, 26.977842996362597, 11.97848736983724, -0.013693781336769462]
33 -- [22.9889214981813, 26.982595916604623, 11.982074607512914, -0.010756315081380308]
34 -- [22.99129795830231, 26.985498052847106, 11.985919800761621, -0.008962696243543178]
35 -- [22.992749026423553, 26.988608879531967, 11.988267678301781, -0.007040099619189277]
36 -- [22.994304439765983, 26.990508352362667, 11.990784389956389, -0.005866160849109292]
37 -- [22.995254176181334, 26.992544414861186, 11.992321095756779, -0.004607805021805689]
38 -- [22.996272207430593, 26.993787635969056, 11.99396830491969, -0.0038394521216105204]
39 -- [22.996893817984528, 26.99512025617514, 11.994974091923723, -0.0030158475401549367]
40 -- [22.99756012808757, 26.995933954954126, 11.996052204317493, -0.0025129540381385596]
41 -- [22.997966977477063, 26.996806166202532, 11.996710500457993, -0.001973897841253347]
42 -- [22.998403083101266, 26.997338738967528, 11.99741613418064, -0.0016447497710032621]
43 -- [22.998669369483764, 26.997909608640953, 11.997846994598262, -0.0012919329096803267]
44 -- [22.998954804320476, 26.998258182041013, 11.998308837865636, -0.0010765027008687866]
45 -- [22.999129091020507, 26.998631821093056, 11.998590839670072, -0.0008455810671819108]
46 -- [22.999315910546528, 26.99885996534529, 11.998893120012937, -0.0007045801649638861]
47 -- [22.999429982672645, 26.999104515279733, 11.999077692590163, -0.0005534399935314127]

LA SOLUCION FINAL ES:
[22.999429982672645, 26.999104515279733, 11.999077692590163, -0.0005534399935314127]

Y LA CONVERGENCIA ES:  9.05770538815e-06


La matriz tiene radio espectral : 0.809016994375
Matriz de Jacobi (J):

[ 0.   0.5  0.   0. ]
[ 0.5  0.   0.5  0. ]
[ 0.   0.5  0.   0.5]
[ 0.   0.   0.5  0. ]


Es definida positiva y simetrica
