
				METODO SOR

VALORES DE Xi: 
0 -- [0, 0, 0, 0]
1 -- [1.9000000000000001, 2.09, -0.09100000000000003, -1.2091]
2 -- [3.6290000000000004, 3.9257999999999997, -0.10113000000000005, -2.1773930000000004]
3 -- [5.195780000000001, 5.550105, -0.04363280000000005, -2.9462776800000006]
4 -- [6.611634500000001, 6.996884170000001, 0.07015440900000003, -3.5500067031]
5 -- [7.888996017000001, 8.293422378600003, 0.23046509475000027, -4.016958853005001]
6 -- [9.040539051460001, 9.461838317501002, 0.42886002224960035, -4.370681080179041]
7 -- [10.078615072918101, 10.520218163517573, 0.6580417261335335, -4.63074069152988]
8 -- [11.01491387468624, 11.483470090896036, 0.9117063208434424, -4.813421921139559]
9 -- [11.860278108838596, 12.363974515685033, 1.1844203161293012, -4.932295505298717]
10 -- [12.62461993863938, 13.172083638024896, 1.471515066176059, -4.998684897621368]
11 -- [13.316904314713994, 13.916508848508922, 1.7689944480296025, -5.022048473294134]
12 -- [13.945174336622088, 14.604623957272308, 2.0734531068214994, -5.010293467953158]
13 -- [14.516601865024901, 15.242704663002488, 2.382003604962133, -4.970034413866314]
14 -- [15.03755195832017, 15.836119286730222, 2.6922113712560973, -4.906806393967441]
15 -- [15.51365349532916, 16.389481916042705, 3.002036649212404, -4.8252414502527134]
16 -- [15.949870987867598, 16.906776296542166, 3.309782803998869, -4.729214879802284]
17 -- [16.350574419948295, 17.39145675962845, 3.614050431181712, -4.621966860723656]
18 -- [16.719605211921483, 17.84653097201308, 3.9136967560743123, -4.506203812971494]
19 -- [17.060337266738497, 18.274628179891746, 4.207799841551475, -4.3841830662220485]
20 -- [17.37573263137997, 18.678055791206543, 4.49562714573963, -4.257783738403676]
21 -- [17.66839168422463, 19.058846515961662, 4.776607994347502, -4.128566191288191]
22 -- [17.94059799897587, 19.41879781210167, 5.05030955755935, -3.9978219972746176]
23 -- [18.194358180390864, 19.759505023476358, 5.316415948667655, -3.8666160029529286]
24 -- [18.431437046660328, 20.082389318313886, 5.57471009047022, -3.735821793315321]
25 -- [18.653388569159652, 20.3887213206141, 5.825058025106054, -3.6061516321416516]
26 -- [18.86158298738913, 20.679641157740797, 6.067395372644758, -3.478181768448846]
27 -- [19.057230505685386, 20.956175514025652, 6.301715672673487, -3.3523738474917284]
28 -- [19.241401955950877, 21.21925217408296, 6.528060370797913, -3.2290930409135914]
29 -- [19.415046782169, 21.469712454563062, 6.746510238003278, -3.1086234089305456]
30 -- [19.57900867119151, 21.708321854569927, 6.957178034966561, -2.9911809236477804]
31 -- [19.734039122410202, 21.935779199393618, 7.160202255547833, -2.8769245133634413]
32 -- [19.880809217867526, 22.15272450685643, 7.3557418037875655, -2.7659654303119967]
33 -- [20.019919824979667, 22.35974576836187, 7.54397147683504, -2.6583751965660936]
34 -- [20.15191043681992, 22.55738480605499, 7.725078142416923, -2.5541923430111826]
35 -- [20.27726683006144, 22.74614234209183, 7.8992575138416035, -2.453428123024786]
36 -- [20.396427698258336, 22.926482394883458, 8.066711438259151, -2.356071354593914]
37 -- [20.509790398095014, 23.098836099542183, 8.227645625102149, -2.262092521164916]
38 -- [20.61771592843023, 23.263605034986984, 8.382267751463926, -2.1714472417855406]
39 -- [20.72053324624288, 23.42116412776027, 8.530785889768614, -2.0840792044515712]
40 -- [20.818543009770334, 23.57186419216211, 8.673407210585946, -1.9999226425026624]
41 -- [20.912020827032478, 23.71603415749153, 8.810336919967643, -1.9189044220053657]
42 -- [21.001220077375137, 23.853983025727505, 8.941777396346328, -1.8409457979696597]
43 -- [21.086374364472864, 23.986001596663925, 9.06792749694649, -1.7659638886810787]
44 -- [21.167699651244686, 24.112363992150257, 9.18898200790411, -1.693872910154452]
45 -- [21.245396120210774, 24.233329006531697, 9.305131215961012, -1.6245852065274606]
46 -- [21.31964979682179, 24.34914130650364, 9.416560582766428, -1.5580121069453259]
47 -- [21.390633968107796, 24.46003250029034, 9.523450505547643, -1.4940646350014966]
48 -- [21.45851042451527, 24.566222093238565, 9.625976150261822, -1.4326540929750151]
49 -- [21.523430548936073, 24.667918344510646, 9.724307345363021, -1.3736925398437099]
50 -- [21.585536273599924, 24.765319037504813, 9.818608526056527, -1.3170931792693152]
51 -- [21.64496092263042, 24.858612174872547, 9.909038720405546, -1.2627706713748976]
52 -- [21.70182995559159, 24.94797660749775, 9.995751569936722, -1.210641380106246]
53 -- [21.756261625223047, 25.033582605514177, 10.078895378490172, -1.1606235662359796]
54 -- [21.808367560729856, 25.115592378333346, 10.158613184001874, -1.1126375345885964]
55 -- [21.85825328641722, 25.194160549708588, 10.2350428487135, -1.0666057427995272]
56 -- [21.906018684104637, 25.269434593048686, 10.308317163995717, -1.0224528778400501]
57 -- [21.95175840658858, 25.34155523149738, 10.378563966562307, -0.9801059056158095]
58 -- [21.995562248420605, 25.4106568066962, 10.445906263357886, -0.9394940981568591]
59 -- [22.037515479406103, 25.47686761963336, 10.510462362833959, -0.9005490422420914]
60 -- [22.077699145488218, 25.54031024653891, 10.57234601069685, -0.8632046327239882]
61 -- [22.116190341044465, 25.60110183240526, 10.631666528525606, -0.8273970533266299]
62 -- [22.1530624560761, 25.65935436438438, 10.68852895392626, -0.793064747268678]
63 -- [22.18838540129932, 25.715174927030066, 10.74303418111715, -0.7601483797032275]
64 -- [22.222225813742465, 25.76866594111002, 10.7952791010344, -0.7285907936591421]
65 -- [22.254647245104973, 25.819925387501954, 10.845356740211802, -0.6983369609061336]
66 -- [22.285710334834175, 25.869047017506162, 10.893356397829445, -0.6693339289419624]
67 -- [22.315472969617957, 25.91612055074967, 10.939363780444328, -0.6415307651091371]
68 -- [22.343990430769335, 25.961231861721103, 10.98346113401666, -0.6148784986856438]
69 -- [22.371315530787577, 26.00446315585731, 11.025727372930493, -0.5893300616554658]
70 -- [22.39749874021579, 26.04589313600048, 11.066238205778896, -0.564840228746483]
71 -- [22.422588305772685, 26.08559715995554, 11.105066257744024, -0.541365557222784]
72 -- [22.446630360613703, 26.123647389800205, 11.142281189452962, -0.518864326832931]
73 -- [22.469669027470985, 26.16011293353256, 11.177949812232333, -0.49729648024311157]
74 -- [22.491746515330043, 26.19505997958229, 11.212136199719785, -0.4766235642225108]
75 -- [22.512903210222266, 26.22855192466004, 11.24490179581958, -0.4568086717960507]
76 -- [22.533177760643817, 26.260649495374373, 11.276305519013496, -0.437816385535491]
77 -- [22.552607158052492, 26.2914108640061, 11.306403863057858, -0.4196127221226071]
78 -- [22.571226812842603, 26.320891758794925, 11.335250994113519, -0.4021650782867338]
79 -- [22.58907062615358, 26.349145569062653, 11.362898844368408, -0.38544217819254634]
80 -- [22.60617105782913, 26.376223445469876, 11.389397202222458, -0.36941402233179127]
81 -- [22.622559190810293, 26.402174395679175, 11.414793799112704, -0.35405183795416256]
82 -- [22.63826479221615, 26.42704537567623, 11.439134393062371, -0.33932803105709297]
83 -- [22.653316371340544, 26.450881376981275, 11.462462849042316, -0.32521613994144283]
84 -- [22.667741234770563, 26.47372550996631, 11.484821216236341, -0.3116907903295202]
85 -- [22.681565538813082, 26.495619083477994, 11.50624980230392, -0.29872765203322416]
86 -- [22.694814339398263, 26.516601680952615, 11.526787244735075, -0.2863033971530718]
87 -- [22.707511639613877, 26.53671123319699, 11.546470579392452, -0.2743956597832123]
88 -- [22.7196804350108, 26.555984087997917, 11.565335306335431, -0.26298299719302676]
89 -- [22.731342756808434, 26.57445507671272, 11.583415453020315, -0.25204485245238994]
90 -- [22.74251971311802, 26.59215757798401, 11.600743634969415, -0.24156151846497043]
91 -- [22.75323152829282, 26.609123578713437, 11.617351114000378, -0.23151410337193853]
92 -- [22.7634975805056, 26.625383732421348, 11.633267854105243, -0.22188449728702647]
93 -- [22.773336437646616, 26.640967415112268, 11.648522575066721, -0.21265534032294908]
94 -- [22.78276589162852, 26.65590277875934, 11.663142803897017, -0.20380999186865756]
95 -- [22.791802991178752, 26.67021680251505, 11.677154924182254, -0.19533250107670064]
96 -- [22.800464073194505, 26.683935341749716, 11.690584223413104, -0.1872075785200501]
97 -- [22.808764792730578, 26.697083175014143, 11.703454938379894, -0.17942056897805073]
98 -- [22.816720151685878, 26.709684049017895, 11.7157902987079, -0.17195742531165065]
99 -- [22.824344526250496, 26.721760721710158, 11.72761256860617, -0.16480468338870347]
100 -- [22.831651693171413, 26.73333500354589, 11.738943086900656, -0.15794943802089714]
101 -- [22.838654854891722, 26.744427797015952, 11.749802305420031, -0.1513793198747146]
102 -- [22.845366663614975, 26.755059134516262, 11.76020982580018, -0.14508247331975369]
103 -- [22.851799244343606, 26.76524821462739, 11.770184434770908, -0.13904753517871218]
104 -- [22.857964216937628, 26.77501343687277, 11.779744137986132, -0.13326361434435657]
105 -- [22.86387271723738, 26.78437243502057, 11.788906192456526, -0.12772027222983265]
106 -- [22.869535417291964, 26.793342108991304, 11.797687137641368, -0.12240750401972929]
107 -- [22.874962544732703, 26.80193865543045, 11.806102825254166, -0.11731572069036679]
108 -- [22.880163901329208, 26.8101775970027, 11.814168447834568, -0.11243573176883663]
109 -- [22.885148880763637, 26.818073810461982, 11.82189856613697, -0.10775872880137238]
110 -- [22.889926485657107, 26.825641553548994, 11.829307135384338, -0.10327626950266408]
111 -- [22.894505343880585, 26.83289449076569, 11.836407530433775, -0.0989802625587538]
112 -- [22.89889372418104, 26.839845718074034, 11.843212569898547, -0.09486295305714831]
113 -- [22.903099551152234, 26.84650778656431, 11.849734539269553, -0.09091690851876334]
114 -- [22.90713041957822, 26.85289272513623, 11.855985213077389, -0.08713500550727177]
115 -- [22.9109936081762, 26.859012062234346, 11.861975876134618, -0.08351041679235557]
116 -- [22.914696092764395, 26.86487684667738, 11.867717343896198, -0.08003659904426472]
117 -- [22.918244558879255, 26.87049766761945, 11.873219981974477, -0.07670728103796404]
118 -- [22.92164541386535, 26.875884673679543, 11.878493724843741, -0.0735164523459971]
119 -- [22.924904798460233, 26.881047591274033, 11.883548093767796, -0.07045835250001804]
120 -- [22.92802859789559, 26.885995742185568, 11.888392213982794, -0.06752746060173506]
121 -- [22.931022452535032, 26.89073806040024, 11.893034831166087, -0.06471848536477934]
122 -- [22.93389176806805, 26.895283108243607, 11.897484327220752, -0.06202635556974825]
123 -- [22.9366417252788, 26.899639091844843, 11.901748735404112, -0.059446210915387376]
124 -- [22.939277289407528, 26.90381387595704, 11.905835754827455, -0.056973393249564366]
125 -- [22.941803219121727, 26.907814998160553, 11.909752764353064, -0.05460343816434513]
126 -- [22.94422407511344, 26.911649682475094, 11.913506835913525, -0.05233206694012361]
127 -- [22.94654422833826, 26.915324852405256, 11.917104747277333, -0.05015517882436554]
128 -- [22.948767867911137, 26.918847143443053, 11.920552994283735, -0.04806884363111892]
129 -- [22.95089900867322, 26.92222291505014, 11.92385780256889, -0.04606929464800619]
130 -- [22.95294149844359, 26.925458262141362, 11.927025138804447, -0.044152921837960206]
131 -- [22.95489902496901, 26.928559026090436, 11.930060721468806, -0.0423162653234876]
132 -- [22.956775122584254, 26.931530805277657, 11.932970031170463, -0.04055600914174381]
133 -- [22.95857317859517, 26.93437896519869, 11.935758320542064, -0.03886897525918866]
134 -- [22.960296439396007, 26.937108648152762, 11.93843062372301, -0.037252117835049975]
135 -- [22.96194801633208, 26.939724782527723, 11.940991765447677, -0.035702517723272265]
136 -- [22.963530891318438, 26.94223209169879, 11.943446369755694, -0.034217377203048384]
137 -- [22.96504792222463, 26.944635102557065, 11.945798868339958, -0.0327940149284429]
138 -- [22.966501848035414, 26.946938153683192, 11.948053508547442, -0.0314298610880101]
139 -- [22.96789529379665, 26.949145403180964, 11.95021436104725, -0.030122452765683105]
140 -- [22.96923077535542, 26.951260836185043, 11.952285327179737, -0.02886942949457275]
141 -- [22.97051070390284, 26.95328827205629, 11.954270145999962, -0.027668528995662037]
142 -- [22.971737390327903, 26.955231371277822, 11.956172401028185, -0.026517583093711095]
143 -- [22.972913049390105, 26.957093642064088, 11.957995526719587, -0.025414513803010134]
144 -- [22.974039803718494, 26.95887844669508, 11.959742814664876, -0.024357329575920475]
145 -- [22.975119687644305, 26.960589007586986, 11.961417419533008, -0.02334412170743555]
146 -- [22.976154650874143, 26.962228413110303, 11.963022364766694, -0.022373060889279064]
147 -- [22.977146562010347, 26.963799623165947, 11.964560548041021, -0.021442393907321142]
148 -- [22.978097211924876, 26.965305474529348, 11.96603474649502, -0.020550440476354993]
149 -- [22.979008316992836, 26.966748685972266, 11.967447621745608, -0.019695590206523214]
150 -- [22.979881522191494, 26.968131863171525, 11.968801724692987, -0.01887629969591983]
151 -- [22.98071840407035, 26.969457503413555, 11.970099500126153, -0.018091089744120544]
152 -- [22.981520473597634, 26.970728000103225, 11.971343291136835, -0.017338542681612966]
153 -- [22.982289178888433, 26.97194564708511, 11.972535343349819, -0.016617299810308524]
154 -- [22.98302590781926, 26.973112642784997, 11.973677808977325, -0.01592605895051436]
155 -- [22.983731990533908, 26.974231094179125, 11.974772750704721, -0.015263572089939365]
156 -- [22.98440870184504, 26.97530302059828, 11.975822145414611, -0.014628643130490395]
157 -- [22.98505726353586, 26.976330357373673, 11.976827887756007, -0.014020125728791568]
158 -- [22.985678846566056, 26.977314959331146, 11.977791793565041, -0.013436921226529147]
159 -- [22.98627457318596, 26.978258604140017, 11.978715603143383, -0.012877976666884972]
160 -- [22.98684551896277, 26.97916299552263, 11.979600984400282, -0.012342282893479802]
161 -- [22.987392714722482, 26.980029766330382, 11.980449535863917, -0.01182887272839215]
162 -- [22.98791714841102, 26.9808604814918, 11.981262789567475, -0.011336819225966173]
163 -- [22.988419766878, 26.98165664083799, 11.982042213815182, -0.010865233999254707]
164 -- [22.988901477586197, 26.98241968181053, 11.982789215833273, -0.010413265616076427]
165 -- [22.98936315025001, 26.983150982056753, 11.983505144310687, -0.009980098061792439]
166 -- [22.989805618405683, 26.983851861917042, 11.984191291834074, -0.009564949266026525]
167 -- [22.990229680916254, 26.984523586808667, 11.984848897221523, -0.009167069690668897]
168 -- [22.99063610341387, 26.985167369510474, 11.985479147759198, -0.008785740976615275]
169 -- [22.991025619682144, 26.985784372352516, 11.986083181344949, -0.008420274646797355]
170 -- [22.991398932980967, 26.986375709314608, 11.98666208854274, -0.008070010863163867]
171 -- [22.991756717316235, 26.986942448037585, 11.987216914551635, -0.007734317235367643]
172 -- [22.99209961865675, 26.98748561175091, 11.987748661092862, -0.007412587679007907]
173 -- [22.992428256100492, 26.988006181120063, 11.988258288218397, -0.0071042413213666476]
174 -- [22.992743222992402, 26.988505096017132, 11.988746716044293, -0.006808721452664009]
175 -- [22.993045087995636, 26.9889832572177, 11.989214826411938, -0.00652549452093736]
176 -- [22.99333439611828, 26.989441528027186, 11.989663464480175, -0.006254049168732349]
177 -- [22.993611669697344, 26.989880735839503, 11.990093440251218, -0.005993895309864031]
178 -- [22.993877409341827, 26.99030167363091, 11.99050553003308, -0.005744563244583285]
179 -- [22.99413209483655, 26.99070510139169, 11.990900477841175, -0.005505602811549177]
180 -- [22.99437618600841, 26.99109174749831, 11.991278996741617, -0.005276582575077673]
181 -- [22.99461012355656, 26.991462310028467, 11.991641770138632, -0.005057089046198986]
182 -- [22.994834329848096, 26.991817458021448, 11.991989453008431, -0.004846725936116089]
183 -- [22.995049209680623, 26.992157832686065, 11.992322673081741, -0.004645113440718755]
184 -- [22.995255151013104, 26.99248404855834, 11.992642031977155, -0.004451887554859487]
185 -- [22.99545252566632, 26.99279669461102, 11.992948106287342, -0.004266699415153414]
186 -- [22.99564168999416, 26.99309633531697, 11.993241448620056, -0.0040892146701171275]
187 -- [22.995822985527024, 26.993383511668288, 11.993522588595862, -0.003919112876507473]
188 -- [22.99599673958845, 26.993658742153062, 11.993792033804345, -0.003756086920771468]
189 -- [22.996163265886064, 26.993922523691495, 11.994050270720548, -0.003599842464562389]
190 -- [22.996322865078003, 26.994175332533054, 11.994297765583289, -0.0034500974133210363]
191 -- [22.99647582531571, 26.994417625116345, 11.994534965236934, -0.0033065814069634545]
192 -- [22.996622422764204, 26.99464983889319, 11.99476229793817, -0.00316903533175378]
193 -- [22.996762922100682, 26.99487239311844, 11.994980174129205, -0.003037210852482499]
194 -- [22.996897576992392, 26.995085689606913, 11.995188987178809, -0.0029108699641051334]
195 -- [22.997026630554604, 26.995290113458875, 11.995389114092525, -0.002789784562031601]
196 -- [22.997150315789575, 26.995486033755313, 11.995580916193347, -0.0026737360302905486]
197 -- [22.997268856007192, 26.995673804224307, 11.99576473977408, -0.0025625148468244744]
198 -- [22.997382465228185, 26.995853763879673, 11.99594091672255, -0.0024559202052046323]
199 -- [22.997491348570517, 26.996026237633046, 11.996109765120824, -0.0023537596520812895]
200 -- [22.99759570261972, 26.99619153688049, 11.9962715898195, -0.002255848739715028]
201 -- [22.997695715783827, 26.996349960064727, 11.996426682988101, -0.0021620106929619003]
202 -- [22.997791568633534, 26.996501793213948, 11.99657532464258, -0.002072076090111573]
203 -- [22.99788343422822, 26.996647310458243, 11.996717783150878, -0.0019858825570014805]
204 -- [22.9979714784284, 26.996786774524523, 11.996854315717455, -0.0019032744738557094]
205 -- [22.998055860195173, 26.996920437210882, 11.996985168847667, -0.0018241026943178707]
206 -- [22.998136731877228, 26.997048539841195, 11.997110578792821, -0.0017482242761722021]
207 -- [22.998214239485904, 26.99717131370083, 11.997230771976724, -0.0016755022232653233]
208 -- [22.99828852295881, 26.99728898045422, 11.997345965404476, -0.0016058052381646966]
209 -- [22.998359716412473, 26.99740175254507, 11.997456367054271, -0.0015390074851046476]
210 -- [22.998427948384485, 26.997509833579933, 11.9975621762529, -0.0014749883627936625]
211 -- [22.998493342065583, 26.9976134186958, 11.997663584035621, -0.0014136322866728358]
212 -- [22.99855601552205, 26.99771269491241, 11.99776077349107, -0.0013548284802312846]
213 -- [22.99861608190888, 26.99780784146992, 11.997853920091826, -0.0012984707750024337]
214 -- [22.9986736496741, 26.99789903015253, 11.997943192011213, -0.0012444574188806073]
215 -- [22.998728822754533, 26.9979864255986, 11.998028750426943, -0.001192690892410147]
216 -- [22.998781700763487, 26.998070185597925, 11.998110749812106, -0.0011430777327174943]
217 -- [22.998832379170583, 26.99815046137661, 11.998189338214075, -0.001095528364766455]
218 -- [22.998880949474128, 26.99822739787011, 11.998264657521794, -0.0010499569396337477]
219 -- [22.998927499366314, 26.998301133984903, 11.998336843721964, -0.0010062811795106463]
220 -- [22.99897211289154, 26.998371802849274, 11.998406027144547, -0.000964422229153799]
221 -- [22.999014870598163, 26.99843953205369, 11.998472332698093, -0.0009243045135137735]
222 -- [22.9990558496839, 26.998504443881153, 11.99853588009524, -0.0008858556012870441]
223 -- [22.999095124135238, 26.99856665552797, 11.99859678406886, -0.000849006074143581]
224 -- [22.99913276486099, 26.998626279315364, 11.998655154579211, -0.0008136894013937591]
225 -- [22.999168839820328, 26.998683422892245, 11.998711097012455, -0.0007798418198694989]
226 -- [22.999203414145487, 26.998738189429595, 11.998764712370937, -0.00074740221880191]
227 -- [22.99923655025935, 26.99879067780671, 11.99881609745554, -0.000716312029487505]
228 -- [22.999268307988153, 26.998840982789737, 11.998865345040457, -0.0006865151195443054]
229 -- [22.999298744669495, 26.998889195202786, 11.99891254404069, -0.0006579576915663923]
230 -- [22.999327915255876, 26.998935402091888, 11.998957779672587, -0.0006305881859944329]
231 -- [22.999355872413894, 26.99897968688216, 11.999001133607686, -0.0006043571880268966]
232 -- [22.999382666619333, 26.999022129528427, 11.999042684120191, -0.0005792173384024246]
233 -- [22.99940834624831, 26.99906280665959, 11.999082506228273, -0.0005551232478946293]
234 -- [22.999432957664606, 26.999101791716964, 11.999120671829527, -0.000532031415363035]
235 -- [22.99945654530338, 26.999139155086866, 11.999157249830771, -0.0005099001492132803]
236 -- [22.99947915175139, 26.99917496422771, 11.999192306272468, -0.0004886894921238553]
237 -- [22.999500817823886, 26.999209283791803, 11.999225904447943, -0.00046836114890476063]
238 -- [22.99952158263829, 26.999242175742065, 11.99925810501767, -0.0004488784173567768]
239 -- [22.999541483684844, 26.999273699463906, 11.999288966118792, -0.0004302061220062182]
240 -- [22.999560556894266, 26.99930391187243, 11.999318543470077, -0.0004123105505973098]
241 -- [22.999578836702657, 26.999332867515218, 11.999346890472523, -0.00039515939322551374]
242 -- [22.99959635611365, 26.999360618670792, 11.999374058305776, -0.0003787216840028363]
243 -- [22.999613146758, 26.999387215443015, 11.999400096020523, -0.00036296774514999803]

LA SOLUCION FINAL ES:
[22.999613146758, 26.999387215443015, 11.999400096020523, -0.00036296774514999803]

Y LA CONVERGENCIA ES:  9.85087995168e-07


PESO ALEAOTORIO0.2Es definida positiva y simetrica
