0.86603 0.433015 0 0 0 0 0 0 0 0 0 0 0 0 0 0 0 0.25 -0.25 0 0 0 0 0 0 0 0 0 0 -0.5
0.433015 0.86603 0.433015 0 0 0 0 0 0 0 0 0 0 0 0 0 0 0 0.25 -0.25 0 0 0 0 0 0 0 0 0 0
0 0.433015 0.86603 0.433015 0 0 0 0 0 0 0 0 0 0 0 0 0 0 0 0.25 -0.25 0 0 0 0 0 0 0 0 0
0 0 0.433015 0.86603 0.433015 0 0 0 0 0 0 0 0 0 0 0 0 0 0 0 0.25 -0.25 0 0 0 0 0 0 0 0
0 0 0 0.433015 0.86603 0.433015 0 0 0 0 0 0 0 0 0 0 0 0 0 0 0 0.25 -0.25 0 0 0 0 0 0 0
0 0 0 0 0.433015 0.86603 0.433015 0 0 0 0 0 0 0 0 0 0 0 0 0 0 0 0.25 -0.25 0 0 0 0 0 0
0 0 0 0 0 0.433015 0.86603 0.433015 0 0 0 0 0 0 0 0 0 0 0 0 0 0 0 0.25 -0.25 0 0 0 0 0
0 0 0 0 0 0 0.433015 0.86603 0.433015 0 0 0 0 0 0 0 0 0 0 0 0 0 0 0 0.25 -0.25 0 0 0 0
0 0 0 0 0 0 0 0.433015 0.86603 0.433015 0 0 0 0 0 0 0 0 0 0 0 0 0 0 0 0.25 -0.25 0 0 0
0 0 0 0 0 0 0 0 0.433015 0.86603 0.433015 0 0 0 0 0 0 0 0 0 0 0 0 0 0 0 0.25 -0.25 0 0
0 0 0 0 0 0 0 0 0 0.433015 0.86603 0.433015 0 0 0 0 0 0 0 0 0 0 0 0 0 0 0 0.25 0.25 0
0 0 0 0 0 0 0 0 0 0 0.433015 0.86603 0.433015 0 0 0 0 0 0 0 0 0 0 0 0 0 0 0 -0.25 0.25
0 0 0 0 0 0 0 0 0 0 0 0.433015 0.86603 0.433015 0.25 0 0 0 0 0 0 0 0 0 0 0 0 0 0 -0.25
0 0 0 0 0 0 0 0 0 0 0 0 0.433015 0.86603 -0.25 0.25 -0.433015 0 0 0 0 0 0 0 0 0 0 0 0 0
0 0 0 0 0 0 0 0 0 0 0 0 0.25 -0.25 1 0 0 0 0 0 0 0 0 0 0 0 0 0 -0.5 0
0 0 0 0 0 0 0 0 0 0 0 0 0 0.25 0 1 0 0 0 0 0 0 0 0 0 0 0 0 0 -0.5
0 0 0 0 0 0 0 0 0 0 0 0 0 -0.433015 0 0 1 0 0 0 0 0 0 0 0 0 0 0 0 0
0.25 0 0 0 0 0 0 0 0 0 0 0 0 0 0 0 0 1 0 -0.5 0 0 0 0 0 0 0 0 -0.5 0
-0.25 0.25 0 0 0 0 0 0 0 0 0 0 0 0 0 0 0 0 1 0 -0.5 0 0 0 0 0 0 0 0 0
0 -0.25 0.25 0 0 0 0 0 0 0 0 0 0 0 0 0 0 -0.5 0 1 0 -0.5 0 0 0 0 0 0 0 0
0 0 -0.25 0.25 0 0 0 0 0 0 0 0 0 0 0 0 0 0 -0.5 0 1 0 -0.5 0 0 0 0 0 0 0
0 0 0 -0.25 0.25 0 0 0 0 0 0 0 0 0 0 0 0 0 0 -0.5 0 1 0 -0.5 0 0 0 0 0 0
0 0 0 0 -0.25 0.25 0 0 0 0 0 0 0 0 0 0 0 0 0 0 -0.5 0 1 0 -0.5 0 0 0 0 0
0 0 0 0 0 -0.25 0.25 0 0 0 0 0 0 0 0 0 0 0 0 0 0 -0.5 0 1 0 -0.5 0 0 0 0
0 0 0 0 0 0 -0.25 0.25 0 0 0 0 0 0 0 0 0 0 0 0 0 0 -0.5 0 1 0 -0.5 0 0 0
0 0 0 0 0 0 0 -0.25 0.25 0 0 0 0 0 0 0 0 0 0 0 0 0 0 -0.5 0 1 0 -0.5 0 0
0 0 0 0 0 0 0 0 -0.25 0.25 0 0 0 0 0 0 0 0 0 0 0 0 0 0 -0.5 0 1 0 0.5 0
0 0 0 0 0 0 0 0 0 -0.25 0.25 0 0 0 0 0 0 0 0 0 0 0 0 0 0 -0.5 0 1 0 0.5
0 0 0 0 0 0 0 0 0 0 0.25 -0.25 0 0 -0.5 0 0 -0.5 0 0 0 0 0 0 0 0 0.5 0 0 0
-0.5 0 0 0 0 0 0 0 0 0 0 0.25 -0.25 0 0 -0.5 0 0 0 0 0 0 0 0 0 0 0 0.5 0 0
